0.025085
0.034798
0.024687
0.026238
0.025363
0.024817
0.025829
0.025148
0.023458
0.027943
0.024640
0.026371
0.024902
0.025486
0.023487
0.024960
0.023291
0.025637
0.025234
0.024443
0.024364
0.028118
0.023722
0.024225
0.023776
0.030505
0.024736
0.025760
0.024505
0.025212
0.024543
0.024244
0.023297
0.026424
0.022843
0.023645
0.024551
0.026748
0.022899
0.023321
0.027520
0.026416
0.024659
0.024369
0.024492
0.026106
0.024296
0.024091
0.024584
0.027560
0.025034
0.028868
0.026255
0.022543
0.023066
0.026510
0.027652
0.025372
0.026532
0.025981
0.024233
0.024003
0.026311
0.026788
0.023267
0.024763
0.023031
0.025436
0.024164
0.024582
0.024028
0.026616
0.024989
0.023713
0.023008
0.025099
0.025631
0.024293
0.024747
0.026589
0.023951
0.024197
0.025267
0.027177
0.025330
0.024635
0.026614
0.026363
0.024544
0.023535
0.022901
0.024761
0.025204
0.025140
0.023439
0.026340
0.025366
0.023488
0.023048
0.026130
0.024503
0.024689
0.024977
0.025177
0.025126
0.023345
0.024497
0.026836
0.024194
0.025657
0.025087
0.024022
0.023324
0.025086
0.024519
0.023118
0.025921
0.024970
0.026715
0.024772
0.023288
0.024242
0.027558
0.023363
0.025053
0.024129
0.027233
0.023400
0.024154
0.024295
0.026144
0.024090
0.024706
0.024227
0.026471
0.023184
0.024989
0.022978
0.026177
0.024336
0.024796
0.023326
0.026824
0.026283
0.023503
0.025044
0.024197
0.023211
0.023518
0.024819
0.023829
0.024399
0.028031
0.024704
0.024343
0.025699
0.025536
0.024431
0.024081
0.024930
0.024453
0.023327
0.024807
0.025348
0.023600
0.023036
0.024795
0.023879
0.024878
0.024882
0.024478
0.025646
0.025830
0.024643
0.024142
0.025690
0.023356
0.024063
0.023759
0.027212
0.027194
0.027906
0.028159
0.038695
0.031169
0.026388
0.030513
0.024811
0.023536
0.023519
0.024027
0.025994
0.024081
0.024715
0.023887
0.025716
0.024497
0.022980
0.024077
0.025129
0.023443
0.026592
0.024633
0.024203
0.023880
0.025315
0.025683
0.022741
0.023473
0.025388
0.024445
0.024547
0.024369
0.025431
0.024272
0.025291
0.023622
0.025293
0.025206
0.024833
0.024400
0.025605
0.024361
0.023322
0.024723
0.026270
0.023309
0.023574
0.023942
0.026149
0.024443
0.022940
0.025430
0.026602
0.024020
0.023337
0.024340
0.025821
0.023548
0.024277
0.024661
0.025320
0.024641
0.023603
0.024257
0.026618
0.024529
0.024501
0.024582
0.026138
