0.026394
0.030217
0.025881
0.027889
0.024157
0.026319
0.025344
0.026023
0.022725
0.024693
0.025579
0.025198
0.024374
0.026044
0.023220
0.026413
0.023752
0.024161
0.023464
0.025835
0.022630
0.027137
0.026009
0.025697
0.023557
0.025476
0.023619
0.024479
0.024210
0.025540
0.025929
0.025354
0.024373
0.027457
0.024413
0.025032
0.024910
0.026416
0.023457
0.024640
0.024781
0.025451
0.023035
0.024816
0.025323
0.025476
0.025296
0.024604
0.023041
0.025282
0.024740
0.025274
0.029703
0.024622
0.026388
0.023505
0.024537
0.025622
0.023328
0.024866
0.025270
0.025259
0.023213
0.026006
0.024592
0.024646
0.025444
0.026986
0.024763
0.023137
0.023799
0.024862
0.024860
0.024723
0.024466
0.025337
0.024371
0.024638
0.024586
0.026582
0.023674
0.024317
0.025084
0.025168
0.025520
0.024352
0.024217
0.027139
0.024239
0.023243
0.023740
0.025101
0.024117
0.024651
0.024700
0.025132
0.024164
0.023505
0.023723
0.024551
0.025142
0.027473
0.025444
0.025311
0.027962
0.024299
0.023365
0.027605
0.028467
0.025150
0.023479
0.027099
0.030302
0.027950
0.024711
0.023484
0.028468
0.024023
0.025143
0.024108
0.024493
0.024122
0.024828
0.024668
0.027592
0.023652
0.024745
0.024226
0.025125
0.024286
0.024074
0.023600
0.025250
0.024771
0.026191
0.027624
0.027577
0.024473
0.023359
0.028720
0.028909
0.023564
0.025030
0.022874
0.027140
0.024547
0.025769
0.024723
0.026053
0.023983
0.024534
0.024011
0.030565
0.023201
0.026383
0.024950
0.025562
0.025398
0.023473
0.023488
0.024100
0.026001
0.024547
0.024571
0.028023
0.024187
0.023597
0.025283
0.025954
0.024771
0.025029
0.023320
0.025783
0.024112
0.024781
0.024032
0.026853
0.025668
0.025137
0.025442
0.025615
0.024422
0.023254
0.025843
0.024173
0.024418
0.024028
0.023818
0.024864
0.022988
0.024467
0.024796
0.027086
0.023450
0.023485
0.024575
0.026008
0.024405
0.023710
0.024550
0.023297
0.025883
0.026028
0.023503
0.024150
0.024950
0.027408
0.024190
0.023250
0.024173
0.025976
0.023301
0.023684
0.025069
0.027869
0.024378
0.023350
0.024294
0.025767
0.024583
0.024236
0.024886
0.026127
0.024244
0.024625
0.025312
0.025875
0.024305
0.029465
0.029826
0.031745
0.023137
0.024685
0.023202
0.026675
0.024756
0.024628
0.024015
0.026125
0.025567
0.023853
0.024270
0.026298
0.024236
0.025073
0.023410
0.026160
0.025512
0.023210
0.025085
